ln1-1 	[ 0.62564598  0.52687751  0.37538037  0.40990731  0.34556232] 	[ 0.39143289  0.27759991  0.14091042  0.168024    0.11941332]
ln2-2 	[ 0.73060505  0.65736556  0.19206161  0.14372284  0.51187837] 	[ 0.53378374  0.43212948  0.03688766  0.02065626  0.26201946]
ln3-3 	[ 0.26130687 -0.13811484  0.42178195 -0.84217442  0.60666133] 	[ 0.06828128  0.01907571  0.17790001  0.70925775  0.36803797]
ln4-4 	[ 0.16097028  0.01735775  0.64787509 -0.6596936   0.74986501] 	[  2.59114318e-02   3.01291600e-04   4.19742127e-01   4.35195644e-01
   5.62297538e-01]
ln5-5 	[ 0.55449374  0.05986792  0.32343796 -0.70459085  0.60390968] 	[ 0.30746331  0.00358417  0.10461211  0.49644826  0.3647069 ]
ln6-6 	[ 0.57281198  0.18553663  0.54795823 -1.00514557  0.9475381 ] 	[ 0.32811356  0.03442384  0.30025822  1.01031761  0.89782845]
ln7-7 	[ 0.69193021  0.03047315 -0.12684067 -1.43558978 -0.53228866] 	[  4.78767414e-01   9.28613118e-04   1.60885556e-02   2.06091801e+00
   2.83331215e-01]
ln8-8 	[ 0.3408398   0.11899678  0.23352346 -0.23081279  0.42856893] 	[ 0.11617177  0.01416023  0.05453321  0.05327454  0.18367133]
ln9-9 	[ 0.76994634  0.36067862  0.50119673 -0.69824124  0.76198619] 	[ 0.59281737  0.13008907  0.25119816  0.48754082  0.58062296]
ln10-1 	[ 0.00837115 -0.31523363  0.47201274 -0.4129318   0.0019783 ] 	[  7.00762198e-05   9.93722410e-02   2.22796027e-01   1.70512675e-01
   3.91365538e-06]
ln11-2 	[ 0.53429991  0.28120653  0.2568964  -1.92587336 -0.4499713 ] 	[ 0.28547639  0.07907711  0.06599576  3.7089882   0.20247417]
ln12-3 	[ 0.64883246  0.32057768  0.20027697 -0.26511216  0.36839356] 	[ 0.42098356  0.10277005  0.04011086  0.07028446  0.13571382]
ln13-4 	[ 0.56555929  0.26578375  0.29978104 -0.21990256  0.49261193] 	[ 0.31985731  0.070641    0.08986867  0.04835713  0.24266651]
ln14-5 	[ 0.58640659  0.18465565  0.21936806 -0.98555324  0.23942689] 	[ 0.34387269  0.03409771  0.04812235  0.97131518  0.05732524]
ln15-6 	[ 0.49482087 -0.03697302 -0.19135726 -1.71631529 -0.62753228] 	[  2.44847689e-01   1.36700391e-03   3.66176023e-02   2.94573819e+00
   3.93796767e-01]
ln16-7 	[ 0.95457106  0.1804342  -0.02185903 -0.49521824  0.5350128 ] 	[  9.11205901e-01   3.25564988e-02   4.77817326e-04   2.45241106e-01
   2.86238696e-01]
ln17-8 	[ 0.71994017 -0.06274513  0.25567658 -0.512973    0.24719019] 	[ 0.51831385  0.00393695  0.06537051  0.2631413   0.06110299]
ln18-9 	[ 0.61362721  0.18572724 -0.05008667 -0.52393986  0.37542774] 	[ 0.37653835  0.03449461  0.00250867  0.27451297  0.14094599]
ln19-0 	[ 0.53122464 -0.10891949  0.41724762 -0.43936139  0.27730047] 	[ 0.28219962  0.01186346  0.17409558  0.19303843  0.07689555]
ln20-2 	[ 0.24721103 -0.28659789  0.64620792 -1.43284591  0.88856035] 	[ 0.06111329  0.08213835  0.41758468  2.05304739  0.7895395 ]
ln21-3 	[ 0.26410564 -0.28228391  0.38830162 -1.69778086  0.72658972] 	[ 0.06975179  0.07968421  0.15077815  2.88245983  0.52793262]
ln22-4 	[ 0.19911571 -0.23428547  0.22649258 -1.2478701   0.59682782] 	[ 0.03964706  0.05488968  0.05129889  1.55717979  0.35620345]
ln23-5 	[-0.11789248 -0.03832323  1.05149365  0.15735237  0.41140549] 	[ 0.01389864  0.00146867  1.1056389   0.02475977  0.16925448]
ln24-6 	[ 0.11029642 -0.4511065   0.34217877 -0.04511915 -0.0924134 ] 	[ 0.0121653   0.20349707  0.11708631  0.00203574  0.00854024]
ln25-7 	[ 0.12523211 -0.30522811  0.15126714 -1.31966191 -0.24129503] 	[ 0.01568308  0.0931642   0.02288175  1.74150755  0.05822329]
ln26-8 	[ 0.65033324 -0.1131212   0.18247298 -1.17408984 -0.44418286] 	[ 0.42293332  0.01279641  0.03329639  1.37848696  0.19729841]
ln27-9 	[ 0.20177675 -0.30830238 -0.09109007 -1.58305361 -0.83680008] 	[ 0.04071386  0.09505036  0.0082974   2.50605875  0.70023438]
ln28-0 	[ 0.63996688  0.05546046 -0.10190565 -1.28883582  0.60242877] 	[ 0.40955761  0.00307586  0.01038476  1.66109777  0.36292042]
ln29-1 	[ 0.74375434 -0.12685848 -0.15124293 -0.87377648 -0.33399338] 	[ 0.55317052  0.01609307  0.02287442  0.76348533  0.11155158]
ln30-3 	[ 0.59755748  0.20364258  0.31228992 -0.09915244  0.3928152 ] 	[ 0.35707494  0.0414703   0.097525    0.00983121  0.15430378]
ln31-4 	[ 0.81090262  0.19544602 -0.17594984 -1.0269951   0.61103296] 	[ 0.65756306  0.03819915  0.03095835  1.05471894  0.37336128]
ln32-5 	[ 0.56462229  0.34169392  0.30664034 -0.67452845  0.80601268] 	[ 0.31879833  0.11675474  0.0940283   0.45498863  0.64965643]
ln33-6 	[ 1.0896949   0.56772349  0.35674405  0.61399504  0.12495872] 	[ 1.18743498  0.32230996  0.12726632  0.37698991  0.01561468]
ln34-7 	[ 0.02061752  0.01147525  0.53245096 -1.58078641  0.76486781] 	[  4.25082084e-04   1.31681271e-04   2.83504027e-01   2.49888568e+00
   5.85022771e-01]
ln35-8 	[ 0.1837002  -0.18225657  0.5149901  -1.37026775  0.74259501] 	[ 0.03374576  0.03321746  0.2652148   1.87763372  0.55144735]
ln36-9 	[ 0.22534811 -0.39744319  0.31914848 -1.56328131 -0.04890589] 	[  5.07817697e-02   1.57961091e-01   1.01855751e-01   2.44384846e+00
   2.39178595e-03]
ln37-0 	[ 0.41860178  0.13873921  0.30962713 -1.26653463  0.60385574] 	[ 0.17522745  0.01924857  0.09586896  1.60410996  0.36464176]
ln38-1 	[ 0.13027678 -0.45681074  0.41016157 -1.04251612 -0.14460107] 	[ 0.01697204  0.20867605  0.16823251  1.08683987  0.02090947]
ln39-2 	[ 0.48397403 -0.02715295  0.14714654 -1.08368738  0.63964225] 	[  2.34230862e-01   7.37282867e-04   2.16521039e-02   1.17437833e+00
   4.09142212e-01]
ln40-4 	[ 0.65485302 -0.04053933 -0.00976262 -1.05361779  0.50985562] 	[  4.28832475e-01   1.64343719e-03   9.53086969e-05   1.11011045e+00
   2.59952754e-01]
ln41-5 	[-0.03889342 -0.25051869  0.31053197 -0.64893704  0.28623197] 	[ 0.0015127   0.06275961  0.0964301   0.42111928  0.08192874]
ln42-6 	[ 0.14207224  0.12982348 -0.01016699 -0.42539156  0.12306014] 	[  2.01845214e-02   1.68541360e-02   1.03367621e-04   1.80957977e-01
   1.51437985e-02]
ln43-7 	[ 1.00279043  0.44364831 -0.09359923 -1.53494572  0.59925308] 	[ 1.00558865  0.19682382  0.00876082  2.35605836  0.35910426]
ln44-8 	[ 0.04425303 -0.2837714   0.31264614 -0.62529864  0.20266658] 	[ 0.00195833  0.08052621  0.09774761  0.39099839  0.04107374]
ln45-9 	[ 0.24735017 -0.06294528  0.27965847 -1.52261839  0.7678863 ] 	[ 0.06118211  0.00396211  0.07820886  2.31836676  0.58964936]
ln46-0 	[ 0.79919903  0.20731882 -0.00904252 -0.39980307  0.11793263] 	[  6.38719093e-01   4.29810914e-02   8.17672571e-05   1.59842491e-01
   1.39081049e-02]
ln47-1 	[ 0.3183897  -0.22354393  0.32833779 -0.93439443  0.62372628] 	[ 0.101372    0.04997189  0.1078057   0.87309294  0.38903448]
ln48-2 	[ 0.15799063 -0.22981886  0.16307262 -1.26663665 -0.39366819] 	[ 0.02496104  0.05281671  0.02659268  1.60436839  0.15497464]
ln49-3 	[ 0.72378906 -0.16786398 -0.37343999 -1.46672588 -0.6701022 ] 	[ 0.52387061  0.02817831  0.13945743  2.15128481  0.44903696]
ln50-5 	[ 0.02782924 -0.08363941  0.40600856 -0.57760616  0.40858422] 	[ 0.00077447  0.00699555  0.16484295  0.33362888  0.16694107]
ln51-6 	[ 0.53545242  0.27908985 -0.2162097  -1.35054391 -0.6562646 ] 	[ 0.28670929  0.07789115  0.04674663  1.82396886  0.43068323]
ln52-7 	[ 0.24383999 -0.26645745  0.09115014 -2.13658496 -0.1862828 ] 	[ 0.05945794  0.07099957  0.00830835  4.56499529  0.03470128]
ln53-8 	[ 0.97576004  0.33576776  0.24228243 -0.38140443  0.52232651] 	[ 0.95210765  0.11273999  0.05870078  0.14546934  0.27282498]
ln54-9 	[ 0.44281428  0.05250037  0.25091485 -0.74651963  0.58291588] 	[ 0.19608448  0.00275629  0.06295826  0.55729155  0.33979092]
ln55-0 	[ 0.59560096  0.32004482 -0.09634878 -0.88810868 -0.28545471] 	[ 0.3547405   0.10242868  0.00928309  0.78873703  0.08148439]
ln56-1 	[ 0.20203178 -0.23308011  0.09416835 -1.48635952  0.50935497] 	[ 0.04081684  0.05432634  0.00886768  2.20926461  0.25944249]
ln57-2 	[ 0.84427992 -0.12378029 -0.28791528 -2.10907963 -0.06362651] 	[  7.12808589e-01   1.53215604e-02   8.28952078e-02   4.44821690e+00
   4.04833318e-03]
ln58-3 	[ 0.43069607 -0.0348053   0.41879136 -1.280525    0.37567021] 	[  1.85499105e-01   1.21140873e-03   1.75386204e-01   1.63974427e+00
   1.41128108e-01]
ln59-4 	[ 0.40841434 -0.01594069  0.20708758 -1.23401077 -0.33217472] 	[  1.66802274e-01   2.54105516e-04   4.28852666e-02   1.52278257e+00
   1.10340042e-01]
ln60-6 	[ 0.38506552 -0.01035702  0.29825036 -0.53170525  0.48802616] 	[  1.48275453e-01   1.07267909e-04   8.89532755e-02   2.82710474e-01
   2.38169534e-01]
ln61-7 	[ 0.59175303  0.04422287  0.34907171 -0.04803274  0.16887717] 	[ 0.35017165  0.00195566  0.12185106  0.00230714  0.0285195 ]
ln62-8 	[-0.06881385 -0.1814133   0.18934681 -2.41128782  0.8458995 ] 	[  4.73534662e-03   3.29107864e-02   3.58522136e-02   5.81430896e+00
   7.15545969e-01]
ln63-9 	[ 0.45271304 -0.36678717  0.15623661 -1.74542891 -0.32734336] 	[ 0.20494909  0.13453283  0.02440988  3.04652208  0.10715367]
ln64-0 	[ 0.62699685  0.2939015   0.73266769 -0.73521305  0.94965741] 	[ 0.39312505  0.08637809  0.53680194  0.54053824  0.90184919]
ln65-1 	[ 0.11912949 -0.7220859  -1.10311446  0.33570627  1.04460536] 	[ 0.01419184  0.52140805  1.21686152  0.1126987   1.09120035]
ln66-2 	[ 0.82337498  0.01680352 -0.23811075 -0.51518649  0.18393604] 	[  6.77946356e-01   2.82358354e-04   5.66967289e-02   2.65417124e-01
   3.38324669e-02]
ln67-3 	[ 0.98501443  0.14305897 -0.19199443 -0.13844851 -0.04306374] 	[ 0.97025344  0.02046587  0.03686186  0.01916799  0.00185449]
ln68-4 	[ 1.13537965  0.24080939 -0.12266196 -0.35774019  0.40286968] 	[ 1.28908695  0.05798916  0.01504596  0.12797804  0.16230398]
ln69-5 	[ 0.58872587  0.00976073 -0.18719344 -2.1447963  -0.48906321] 	[  3.46598155e-01   9.52719185e-05   3.50413844e-02   4.60015117e+00
   2.39182827e-01]
ln70-7 	[ 0.73073615 -0.37822455 -0.66597773 -3.25422402 -1.03076728] 	[  0.53397533   0.14305381   0.44352633  10.58997396   1.06248118]
ln71-8 	[ 0.78895893  0.03263884 -0.29744247 -1.00653377  0.51456842] 	[ 0.62245619  0.00106529  0.08847202  1.01311024  0.26478066]
ln72-9 	[ 0.52191482 -0.40313342 -0.5983138  -2.53815827 -0.63287034] 	[ 0.27239507  0.16251656  0.3579794   6.4422474   0.40052487]
ln73-0 	[ 0.62605934 -0.06839889  0.17846214 -2.1121252   0.19405881] 	[ 0.39195029  0.00467841  0.03184874  4.46107288  0.03765882]
ln74-1 	[ 0.0025375  -0.12599065  0.09046642 -1.20729437  0.45190014] 	[  6.43890260e-06   1.58736451e-02   8.18417341e-03   1.45755969e+00
   2.04213740e-01]
ln75-2 	[ 0.35549573 -0.30424233 -0.00338927 -1.64761988  0.65700715] 	[  1.26377211e-01   9.25633943e-02   1.14871454e-05   2.71465128e+00
   4.31658399e-01]
ln76-3 	[ 0.91324007  0.63196658  0.34782282 -1.27926498  0.66016559] 	[ 0.83400743  0.39938176  0.12098072  1.6365189   0.4358186 ]
ln77-4 	[ 0.78139289 -0.15555202 -0.42356413 -1.81777475 -0.45968372] 	[ 0.61057486  0.02419643  0.17940657  3.30430505  0.21130913]
ln78-5 	[ 0.9521871   0.75844407 -0.95607068 -2.58300742 -1.54419068] 	[ 0.90666027  0.57523741  0.91407114  6.67192732  2.38452485]
ln79-6 	[ 0.60026251 -0.4942103  -0.540415   -3.17166782 -1.31124657] 	[  0.36031509   0.24424382   0.29204838  10.05947678   1.71936756]
ln80-8 	[ 0.65996693 -0.19028278 -0.0375265  -2.43914473 -0.38470069] 	[  4.35556350e-01   3.62075371e-02   1.40823811e-03   5.94942703e+00
   1.47994621e-01]
ln81-9 	[ 0.1283784  -0.09081838  0.46892709 -1.29220237  0.64407087] 	[ 0.01648101  0.00824798  0.21989261  1.66978698  0.41482729]
ln82-0 	[ 0.93113232  0.22030368 -0.33789039 -0.76497239  0.43070736] 	[ 0.8670074   0.04853371  0.11416991  0.58518276  0.18550883]
ln83-1 	[ 0.07516648  0.0533823   0.24621042 -0.58238245  0.50100161] 	[ 0.00565     0.00284967  0.06061957  0.33916932  0.25100261]
ln84-2 	[ 0.64522906 -0.0336336  -0.03811703 -0.39496442  0.14469951] 	[ 0.41632054  0.00113122  0.00145291  0.15599689  0.02093795]
ln85-3 	[ 0.41436456  0.15230768  0.06963089 -0.0712185  -0.1527404 ] 	[ 0.17169799  0.02319763  0.00484846  0.00507207  0.02332963]
ln86-4 	[-0.02474338 -0.03611103 -0.02267034 -1.35697655  0.54580909] 	[  6.12234788e-04   1.30400624e-03   5.13944236e-04   1.84138537e+00
   2.97907560e-01]
ln87-5 	[ 0.74875109  0.49052228  0.04896885 -0.16463199  0.46113715] 	[ 0.56062819  0.24061211  0.00239795  0.02710369  0.21264748]
ln88-6 	[-0.08346008  0.00990851  0.32672379 -0.83574055  0.57766674] 	[  6.96558528e-03   9.81784715e-05   1.06748433e-01   6.98462270e-01
   3.33698867e-01]
ln89-7 	[ 0.48019237 -0.27152038  0.03311377 -1.08702717 -0.14795309] 	[  2.30584717e-01   7.37233164e-02   1.09652183e-03   1.18162806e+00
   2.18901181e-02]
ln90-9 	[ 1.25014331  0.62426697 -0.36754131  0.30141304 -0.20362101] 	[ 1.5628583   0.38970924  0.13508661  0.09084982  0.04146152]
ln91-0 	[ 0.60742385 -0.0606198  -0.39786854 -0.73377563 -0.01027432] 	[  3.68963733e-01   3.67476052e-03   1.58299372e-01   5.38426676e-01
   1.05561620e-04]
ln92-1 	[ 1.27629454  0.31817856 -0.28182695 -0.54625947  0.4600759 ] 	[ 1.62892774  0.10123759  0.07942643  0.29839941  0.21166983]
ln93-2 	[ 0.91688549  0.42380327 -0.14186814 -2.71636648 -0.25673739] 	[ 0.840679    0.17960921  0.02012657  7.37864687  0.06591409]
ln94-3 	[ 0.42383266  0.10530091 -0.1873048  -0.39821317  0.03153022] 	[ 0.17963412  0.01108828  0.03508309  0.15857373  0.00099415]
N2 	[ 1.48273607  0.65932636 -0.37103218  0.24237592  0.13711206] 	[ 2.19850625  0.43471125  0.13766488  0.05874609  0.01879972]
LSJ2 	[ 0.86380111 -0.00908245 -1.01481267 -2.94323499 -1.27158099] 	[  7.46152359e-01   8.24909747e-05   1.02984476e+00   8.66263219e+00
   1.61691823e+00]
