33.8069429869 	2.91278305249e-05
33.8069429869 	2.91278305249e-05
33.8069429869 	2.91278305249e-05
33.8069429869 	2.91278305249e-05
33.8069429869 	2.91278305249e-05
33.8069429869 	2.91278305249e-05
33.8069429869 	2.91278305249e-05
33.8069429869 	2.91278305249e-05
33.8069429869 	2.91278305249e-05
33.8069429869 	2.91278305249e-05
33.8069429869 	2.91278305249e-05
33.8069429869 	2.91278305249e-05
33.8069429869 	2.91278305249e-05
33.8069429869 	2.91278305249e-05
33.8069429869 	2.91278305249e-05
33.8069429869 	2.91278305249e-05
33.8069429869 	2.91278305249e-05
33.8069429869 	2.91278305249e-05
33.8069429869 	2.91278305249e-05
33.8069429869 	2.91278305249e-05
33.8069429869 	2.91278305249e-05
33.8069429869 	2.91278305249e-05
33.8069429869 	2.91278305249e-05
33.8069429869 	2.91278305249e-05
33.8069429869 	2.91278305249e-05
33.8069429869 	2.91278305249e-05
33.8069429869 	2.91278305249e-05
33.8069429869 	2.91278305249e-05
33.8069429869 	2.91278305249e-05
33.8069429869 	2.91278305249e-05
33.8069429869 	2.91278305249e-05
33.8069429869 	2.91278305249e-05
33.8069429869 	2.91278305249e-05
33.8069429869 	2.91278305249e-05
33.8069429869 	2.91278305249e-05
33.8069429869 	2.91278305249e-05
33.8069429869 	2.91278305249e-05
33.8069429869 	2.91278305249e-05
33.8069429869 	2.91278305249e-05
33.8069429869 	2.91278305249e-05
33.8069429869 	2.91278305249e-05
33.8069429869 	2.91278305249e-05
33.8069429869 	2.91278305249e-05
33.8069429869 	2.91278305249e-05
33.8069429869 	2.91278305249e-05
33.8069429869 	2.91278305249e-05
33.8069429869 	2.91278305249e-05
33.8069429869 	2.91278305249e-05
33.8069429869 	2.91278305249e-05
33.8069429869 	2.91278305249e-05
33.8069429869 	2.91278305249e-05
33.8069429869 	2.91278305249e-05
33.8069429869 	2.91278305249e-05
33.8069429869 	2.91278305249e-05
33.8069429869 	2.91278305249e-05
33.8069429869 	2.91278305249e-05
33.8069429869 	2.91278305249e-05
33.8069429869 	2.91278305249e-05
33.8069429869 	2.91278305249e-05
33.8069429869 	2.91278305249e-05
33.8069429869 	2.91278305249e-05
33.8069429869 	2.91278305249e-05
33.8069429869 	2.91278305249e-05
33.8069429869 	2.91278305249e-05
33.8069429869 	2.91278305249e-05
33.8069429869 	2.91278305249e-05
33.8069429869 	2.91278305249e-05
33.8069429869 	2.91278305249e-05
33.8069429869 	2.91278305249e-05
33.8069429869 	2.91278305249e-05
33.8069429869 	2.91278305249e-05
33.8069429869 	2.91278305249e-05
33.8069429869 	2.91278305249e-05
33.8069429869 	2.91278305249e-05
33.8069429869 	2.91278305249e-05
33.8069429869 	2.91278305249e-05
33.8069429869 	2.91278305249e-05
33.8069429869 	2.91278305249e-05
33.8069429869 	2.91278305249e-05
33.8069429869 	2.91278305249e-05
33.8069429869 	2.91278305249e-05
33.8069429869 	2.91278305249e-05
33.8069429869 	2.91278305249e-05
33.8069429869 	2.91278305249e-05
33.8069429869 	2.91278305249e-05
33.8069429869 	2.91278305249e-05
33.8069429869 	2.91278305249e-05
33.8069429869 	2.91278305249e-05
33.8069429869 	2.91278305249e-05
33.8069429869 	2.91278305249e-05
33.8069429869 	2.91278305249e-05
33.8069429869 	2.91278305249e-05
33.8069429869 	2.91278305249e-05
33.8069429869 	2.91278305249e-05
33.8069429869 	2.91278305249e-05
33.8069429869 	2.91278305249e-05
